30 20
111101000001010100110001011101
1000010100111010011111010
0110000001100111001000111
1101100000110101001111101
01000110000011000010010101011
00110101110111001000000010
001001111000110001100111011
11011110001101110011101000
00001100111111001000001110110
00100001010100000100110100111
101001100111111101100010100
101000100010101000000100100101
11101111110001111011001011001
01011100101101010111011011101
1100011110100110000010110
0011101101000101100011011
1010110001110110111010010101
11000011001111100101000000
001000000011011100010111110110
10100000010011110111110001
