2000 100
42 335
501 125
1479 465
1706 82
828 92
996 28
1437 1903
154 383
1422 119
1896 127
772 1688
1668 236
1895 212
1323 1736
1142 254
869 45
663 1941
724 1622
317 191
1843 1041
943 249
1447 730
371 207
1102 1630
624 757
1841 177
1932 145
440 124
1538 119
83 1967
1116 59
705 1694
1674 1655
925 271
1830 374
1098 1291
1162 1633
1656 32
53 351
942 367
1431 1993
1338 288
1754 1891
210 222
589 147
1507 14
1169 1638
1656 360
1625 349
484 42
1603 292
837 221
597 1200
1669 282
735 400
419 101
1789 68
1729 249
484 22
311 14
1515 17
936 1250
520 399
304 209
1845 190
703 1707
344 388
1315 249
1201 581
1797 82
1590 10
1158 539
293 180
191 359
192 1157
1512 235
273 647
363 76
434 143
1845 1602
323 1901
1558 390
1076 201
511 1739
689 1945
424 186
183 289
1427 1768
933 155
1722 377
1330 293
1426 235
550 313
146 1754
140 1604
688 150
1438 1807
1196 287
106 283
456 1702
1317 187
264 356
1186 113
809 146
314 1642
1647 82
145 1130
162 1174
467 60
293 1976
155 346
650 314
475 169
19 306
1959 203
1626 15
1315 1875
373 234
71 298
1519 174
271 269
1193 303
481 28
803 128
626 325
1024 262
182 233
1506 326
1032 143
1223 265
1901 361
414 271
1171 34
1712 97
668 151
141 296
1625 126
577 259
303 67
679 1716
1019 1648
801 1927
1011 171
316 1957
759 1718
1087 1623
475 1971
1929 121
903 124
597 62
196 65
261 117
1031 212
772 1647
1521 189
1764 52
663 101
1714 379
366 278
1201 1697
761 325
478 314
888 51
461 1816
1406 1696
836 73
1351 86
557 27
1358 1863
1272 162
897 18
113 1586
42 1771
566 133
297 54
963 135
655 258
370 164
608 112
1636 49
676 224
143 1659
176 1979
1871 1206
1784 280
702 335
1638 357
1994 1838
549 301
414 1945
1143 12
878 1753
444 1960
1314 73
819 218
933 296
1170 41
489 291
1498 1146
1354 1660
45 336
760 6
1265 104
1830 1293
1998 357
1562 68
1542 41
1814 202
78 284
214 225
1602 160
671 28
85 387
1499 288
1848 1979
664 1790
172 165
1543 114
1592 219
1233 1825
1540 1099
1248 972
1865 276
1546 347
679 63
520 290
1945 1246
1509 271
1602 473
1153 171
1764 1977
1528 170
16 1544
1348 1763
410 1719
1589 209
61 159
1955 147
691 44
1431 1068
537 36
227 239
1854 1749
1924 258
767 1882
727 226
356 150
1497 316
1965 76
1914 397
1949 27
607 30
405 1813
1376 1964
737 15
1995 1937
839 156
1016 1842
626 238
187 51
1663 94
354 253
9 234
1455 235
304 1125
318 310
29 281
1319 51
156 65
1904 44
910 362
490 1654
675 924
1832 279
260 1629
4 1896
393 1702
1590 339
1038 262
235 362
1960 316
1270 70
59 1736
1118 1785
331 1289
83 86
711 375
381 352
542 80
1111 274
789 133
1957 1992
942 124
1364 385
779 1715
1975 1933
154 826
1677 251
599 1714
81 1733
1529 1422
406 1517
1727 288
1682 141
1687 722
65 16
1903 325
1942 424
1532 1319
1603 308
1482 337
631 1916
1557 94
1997 255
1346 249
1492 332
115 359
723 196
1053 1762
424 1660
499 397
1463 159
23 1038
1926 603
808 1293
601 1648
449 141
316 1568
337 219
1898 252
817 50
926 230
521 361
1148 56
676 1846
399 315
947 370
639 1885
1522 16
529 171
906 358
963 125
550 1924
351 126
911 338
1279 715
165 350
1136 1996
338 265
1971 1282
1086 374
653 277
1827 373
250 820
944 342
290 366
1806 217
1451 210
1065 94
75 1696
1574 362
1173 159
32 511
423 1890
1553 1705
1765 165
903 61
475 1878
1548 190
1606 1951
344 82
1013 240
1429 163
1968 1692
1224 35
1205 320
959 7
167 168
1693 133
557 248
1022 223
1332 1852
724 777
1221 183
1857 126
325 1631
1644 78
669 1804
1784 128
1427 298
1613 228
1409 309
1186 238
444 102
851 1950
150 255
1870 1733
1714 235
1473 31
902 378
1878 365
1382 1763
24 196
170 43
1311 1927
1488 129
1652 14
1861 87
743 1129
435 1504
868 139
1882 351
615 59
662 357
808 290
1436 76
1587 1640
1331 129
1493 241
767 211
1600 293
1983 153
1370 195
609 1768
1536 65
1498 50
16 1900
1813 1749
475 292
1201 1698
920 179
932 1488
900 84
1539 194
253 1835
1841 1871
1541 392
1393 350
1579 1923
74 1498
1827 191
583 1982
490 1876
1073 1968
209 1830
608 1723
612 362
1057 364
684 1453
742 14
863 261
616 200
137 1033
388 41
1518 271
242 1677
1759 1705
1297 79
179 259
1578 1871
82 279
677 1816
1566 173
1244 315
169 1627
923 52
987 47
1578 1684
1875 270
913 294
1092 150
858 237
552 27
163 384
395 1735
1066 62
579 141
612 1830
1976 351
150 1786
1283 233
897 123
883 42
1232 1921
322 152
1448 47
277 190
423 1456
29 61
1254 149
504 32
1083 198
107 222
1297 22
456 325
319 1775
1860 75
1254 236
1644 154
1233 281
1927 51
802 200
856 117
574 46
474 351
354 288
700 244
1466 130
1982 382
248 272
806 33
1990 366
1432 94
1207 149
207 1397
698 1530
789 385
1970 18
16 1169
1907 98
119 1815
487 21
711 214
1416 319
1581 68
388 387
508 228
75 353
272 294
1886 112
1605 7
1769 1800
543 39
1389 90
1648 294
585 362
494 1718
1448 354
105 1675
222 182
873 1344
594 81
869 1832
1252 1632
1041 134
1780 260
654 1635
1875 36
1681 1875
72 360
1157 233
1906 1638
886 281
1837 509
81 1059
1494 475
774 81
1336 201
708 267
142 82
1169 197
226 13
137 363
1044 22
1923 49
19 118
1715 91
1336 1705
1304 380
200 392
662 53
754 1613
1043 1780
1815 1064
1230 770
471 248
1595 327
1277 141
1680 189
711 1979
471 390
1956 380
1007 136
1488 234
89 180
1994 966
1002 208
568 335
672 199
1546 219
839 564
1029 2
724 5
1602 398
1693 364
1302 122
1566 1790
496 223
1813 1945
1394 80
1883 1823
708 139
145 1646
605 1922
1725 331
1734 195
1131 1755
806 490
1339 1703
210 1909
738 1373
294 1562
1057 1076
383 342
433 1721
284 126
119 29
120 1909
557 61
1902 137
581 308
1185 1610
477 152
330 1073
1592 1710
1240 254
1064 304
1006 80
1696 69
1999 40
1516 1774
1723 582
400 292
1024 244
1350 308
503 288
347 1987
1401 91
1163 327
1411 183
261 1726
664 196
567 39
589 246
1468 68
1190 1653
503 300
1024 1952
1052 237
1459 57
1406 363
820 157
1532 45
592 189
916 320
273 1867
1776 1700
1955 1743
1334 91
104 34
723 12
991 42
1259 1659
480 1810
3 23
896 362
743 1612
179 158
1942 270
346 1836
1711 1927
1505 1898
1070 1648
75 245
845 119
66 353
774 132
748 270
399 304
1353 54
1044 289
1564 251
1023 312
1493 181
1478 277
1179 1652
799 36
858 903
263 171
1023 1714
889 118
1893 1851
66 1620
82 331
1029 190
1153 1865
408 229
1682 211
178 460
644 34
1038 231
275 204
1462 63
308 1977
891 241
704 84
1662 1614
652 2
841 298
1284 422
176 388
1272 1896
980 301
531 119
206 29
460 1761
1099 82
615 94
597 539
1671 1556
918 1753
1759 256
1066 1766
760 149
1274 1867
138 212
1695 228
1499 49
1880 350
932 1602
1450 200
124 1846
862 1633
817 305
1867 309
224 668
49 812
1815 228
1744 200
475 107
1159 1810
1890 41
1819 376
27 1934
413 677
1396 1652
1110 1715
1391 287
756 129
1503 63
425 273
833 647
890 84
926 61
1046 1745
521 1666
1252 137
335 338
1311 391
357 936
146 226
719 313
1038 1638
1718 340
48 304
232 40
1859 1806
1200 273
676 73
1774 39
898 9
1204 1866
1402 170
737 340
1139 227
664 1676
1982 362
863 1096
685 338
1508 85
945 22
1059 69
678 258
1042 65
1624 1930
842 16
537 160
701 1759
1830 28
1799 275
134 239
171 230
1085 79
924 201
1025 1788
1766 208
678 305
791 1779
86 391
543 87
19 598
1377 70
109 1932
367 601
820 291
985 157
1809 815
1788 1021
828 389
1442 43
1003 105
1947 1767
1709 1714
805 843
1261 344
1579 114
1064 335
416 162
1013 360
252 125
1508 952
1102 159
1442 214
413 261
1094 677
1544 267
1652 329
533 1897
730 293
452 393
571 273
1408 1960
384 1793
39 272
1172 348
1515 1911
767 157
633 1734
523 161
1554 1941
1387 230
43 1644
1389 467
1834 120
1632 1824
1099 321
1054 70
217 243
1008 261
948 231
718 1315
627 135
621 393
965 67
694 176
1001 301
1552 1857
1878 1815
273 345
1562 947
1889 158
1431 65
75 238
1982 212
293 233
1124 192
1462 1370
1292 1883
318 1759
1937 1454
1910 382
1504 17
1884 186
403 358
682 1867
1688 278
1246 239
1672 116
593 258
1406 372
581 1676
321 178
999 5
490 145
389 920
260 210
120 317
301 1742
831 7
1850 273
161 334
147 72
429 242
1422 367
34 1330
262 983
163 79
1980 288
539 1660
796 1691
558 135
54 594
1844 952
141 1626
513 352
696 293
1293 331
614 390
1629 387
1745 570
121 963
215 8
1195 314
1012 294
1665 196
1763 147
1910 169
625 355
236 234
241 328
1578 143
1101 159
1477 136
431 96
1538 323
928 1789
1755 1907
1322 129
444 156
672 1376
632 135
41 249
1540 397
313 253
732 65
558 357
171 383
1302 1868
1045 1796
1051 67
1739 24
1844 1696
1919 164
629 289
855 1831
667 378
1838 1908
1724 249
324 349
396 909
1412 66
782 11
829 106
966 370
1716 1916
1479 834
1286 169
1995 286
349 33
257 983
1902 1740
472 338
344 1605
1172 143
12 235
513 131
162 259
1927 392
444 228
720 1094
436 1583
868 6
1147 190
541 760
1579 1997
43 1975
1144 217
616 207
369 1702
1326 24
313 1604
340 95
1847 323
912 256
359 991
1874 214
1455 451
1242 1526
214 1705
1404 1933
188 280
42 135
861 108
622 94
1118 4
1944 240
1012 1979
749 445
655 354
37 147
827 305
239 406
1300 1268
1752 1834
1718 294
1188 113
868 1898
1202 143
1105 169
642 721
1245 1981
1585 460
1150 96
504 252
1538 1749
1220 318
1684 185
1253 70
249 398
425 28
149 383
1272 1923
1015 944
1496 1908
799 100
891 1550
1775 174
70 66
834 312
1253 109
1150 1769
1921 72
369 59
158 183
239 124
907 190
1157 1877
1119 98
1837 207
511 252
1881 344
1742 179
950 1786
1228 5
357 228
556 287
1469 180
1412 1491
776 1090
1297 313
123 73
1837 354
1977 286
653 398
1752 1707
1073 1329
1512 239
1297 1057
827 359
589 109
1778 380
948 1246
1129 27
720 1953
1786 207
685 1691
1957 346
1466 261
498 391
1678 206
1887 1657
1378 88
556 1800
1755 89
1216 111
941 198
1708 238
486 393
1614 283
984 1663
1034 265
1684 169
1711 109
642 1916
500 270
584 1641
88 1821
836 216
1898 375
135 334
879 735
76 313
985 505
823 114
463 85
161 1803
1823 138
1918 132
198 37
358 291
1899 248
1085 326
997 29
1339 29
1796 38
1507 254
1794 147
1610 255
1466 207
210 1825
1037 1982
1014 1897
1910 131
1091 316
287 267
1345 1784
1894 172
845 86
201 286
326 7
1730 142
226 381
717 185
748 205
701 365
1412 251
1505 167
142 1894
1089 1734
1858 200
675 392
991 997
918 1893
235 263
1403 227
1096 351
587 177
1823 1788
1677 158
571 313
145 181
201 257
62 340
1809 253
980 220
8 1623
1676 310
1372 340
337 302
35 1437
470 105
799 306
1239 66
517 1777
1728 114
383 17
489 390
1514 52
272 1039
1013 160
1502 334
1060 1805
523 17
1378 166
1892 968
1056 25
223 242
649 235
1369 73
669 1138
634 146
19 175
1253 1525
967 145
241 1877
1028 19
292 1809
472 101
218 1776
1065 358
1503 76
47 190
47 1648
1902 354
1185 351
406 226
971 396
1794 333
857 11
1777 151
1291 253
1351 37
1362 385
730 51
83 1585
791 383
1067 389
1426 451
1983 394
1039 194
896 1168
1421 84
1866 1610
633 240
184 130
754 214
601 346
1862 964
1814 1477
618 1736
1967 343
699 356
1588 359
465 111
947 1166
1947 98
43 395
585 316
201 1303
697 12
1068 246
176 920
1080 322
1593 198
1510 1742
123 1801
1900 121
37 113
1916 286
742 368
209 170
1682 309
1208 1850
76 1608
1775 129
547 82
1715 169
1339 1696
1106 218
1956 1867
98 337
1556 355
931 305
280 71
1755 177
702 87
232 376
261 658
991 182
1448 219
71 62
1220 191
834 364
1303 129
722 248
946 223
687 378
845 348
1241 65
1724 1632
131 859
513 119
1202 77
1507 285
1024 251
1476 51
1196 321
102 399
1893 385
246 63
344 1929
17 442
1684 16
1977 40
1284 398
1147 1883
1388 31
1443 1627
1481 378
787 186
523 1915
1714 136
884 97
649 522
1261 237
1689 37
793 79
199 387
1012 348
122 1698
565 258
371 55
1360 99
1392 111
1592 34
1676 100
1776 377
1257 304
1087 1658
1496 57
187 399
627 286
1666 341
1361 13
1753 307
526 1621
1080 518
422 1631
1840 166
1763 1630
1148 309
509 30
1067 264
1772 1769
1573 1989
171 200
656 245
937 1428
314 372
1328 1827
1935 388
1418 154
127 1987
407 260
1306 34
224 280
520 1615
1466 1108
1272 1881
597 493
754 391
960 87
1810 20
260 36
1029 870
457 379
75 44
1275 225
512 972
58 175
1039 259
1296 1769
1504 1591
1481 306
703 219
558 1029
1657 1093
1183 121
1359 388
1095 1265
1715 391
426 364
1468 232
620 129
1949 280
92 388
1809 1641
1519 36
1315 148
1157 161
752 279
295 325
1977 91
190 220
302 524
540 228
638 217
1828 24
900 16
1645 1622
1677 353
1847 316
989 89
383 1685
1057 1617
525 1985
873 197
27 203
776 266
553 1783
845 244
825 23
122 214
1918 274
61 275
1986 23
1209 227
721 389
930 1807
9 123
877 17
1804 290
1254 1678
903 370
655 439
275 1866
973 1697
308 1763
696 1656
1660 308
577 246
1593 229
197 336
1836 117
1533 159
1750 97
1725 127
407 246
575 189
539 878
354 205
624 26
1612 325
1150 391
147 256
1805 110
1382 303
84 133
1313 162
1048 91
1570 229
140 472
1779 57
149 346
126 299
1617 16
65 273
1480 1006
537 1613
733 366
1065 400
1033 1439
1979 1941
170 770
1050 68
559 262
1604 187
1227 1301
1769 1804
567 1848
1 374
787 1621
225 261
159 68
1313 53
1170 212
1236 112
65 161
1546 155
788 1658
89 16
1580 1270
1887 1760
1322 282
1627 1946
1894 1801
337 351
1458 366
335 295
593 120
1018 1883
978 306
154 1577
855 335
1017 1655
1853 122
62 260
367 40
719 69
1555 233
1800 336
1099 317
183 1060
1759 400
1136 71
1272 181
1878 296
1687 1719
1036 29
679 102
950 1974
1158 42
939 297
1034 169
1874 310
97 362
1740 324
500 1758
607 288
41 24
1589 1800
1159 1464
921 1686
1024 1357
1471 1684
1989 147
191 70
1520 198
546 359
59 192
1342 1233
676 239
1959 286
1014 54
728 1671
537 171
550 278
200 374
138 332
1618 172
1377 132
1045 68
1 117
635 158
1241 24
1942 1661
1300 1637
1246 202
425 190
736 96
746 284
718 1325
1774 256
469 44
31 1686
981 125
9 1883
1929 300
581 191
1413 65
276 83
1912 645
1827 167
1593 39
1866 348
1447 1772
1257 58
667 1146
1926 275
1775 230
1537 17
1859 1939
656 375
583 83
25 376
1338 101
1425 1705
526 52
1789 145
1707 72
491 1621
1196 8
846 239
1157 1767
1223 154
272 190
1626 329
40 491
1649 318
193 219
1149 191
283 40
1302 328
270 1969
1593 227
1843 962
718 321
1246 122
1783 207
492 216
196 1629
1593 18
1413 268
722 123
1829 30
1425 154
152 1936
384 145
389 214
1203 1754
250 1910
639 196
702 1124
288 531
210 1757
532 101
1072 210
431 1737
891 53
755 334
1189 361
1946 143
660 344
1348 190
1669 399
281 308
1814 248
1847 183
345 49
1637 350
1889 1949
191 47
1363 79
986 382
378 49
171 217
730 39
1916 353
1863 68
1129 1741
83 187
1420 667
1633 4
1162 142
151 273
362 1635
1646 211
129 222
1597 115
800 70
1553 1656
1831 62
396 267
84 1373
296 15
1453 306
1813 342
576 1789
168 1813
794 1732
1275 230
336 106
1512 225
1551 61
1802 1877
68 26
257 1656
1808 92
761 37
220 1875
1520 1769
325 326
302 370
489 364
125 171
852 125
1512 1960
1380 29
1662 228
161 267
238 49
405 366
222 376
242 1838
1955 1659
1722 467
117 181
430 1611
1844 102
1385 388
1137 1529
367 394
959 1613
824 297
595 1880
504 21
1933 1034
58 333
281 1691
869 29
1480 104
1450 4
911 1990
528 1613
1864 1801
1252 1642
104 39
1179 258
573 1757
868 99
1344 42
20 63
412 194
1406 52
1761 1758
1695 336
501 356
324 289
1940 18
933 11
1496 249
190 252
1696 1751
1801 135
885 13
642 97
1163 1749
733 139
1446 527
179 129
206 58
1313 400
728 354
1796 168
1150 256
743 104
816 274
966 1831
332 54
769 379
1157 1614
1930 279
1860 290
1959 1973
209 1853
504 175
820 206
600 62
1046 1733
77 4
368 255
168 130
1794 255
1013 1874
648 90
1675 388
1958 292
483 1839
953 1184
1598 233
103 77
225 1977
1633 203
1370 1963
1600 380
1655 200
351 1907
1872 1205
178 120
751 1723
1669 175
1185 1038
916 1726
1760 1261
428 1639
1819 1264
462 1595
1372 303
247 55
1954 387
1420 217
114 1019
1266 337
526 45
1513 16
1106 2
774 281
1594 192
215 258
701 1286
763 69
1375 249
1236 238
273 201
344 282
1371 1616
715 80
400 387
1120 194
186 209
1889 26
897 132
1815 1538
1599 852
1889 1695
1742 1656
82 19
873 71
539 246
524 366
719 138
600 393
555 32
67 323
1557 1908
1911 333
1729 1923
1827 79
1778 1856
126 222
341 367
1082 1649
908 558
1078 4
1577 24
575 370
1907 200
49 174
659 85
374 1784
1792 988
365 395
580 110
1658 86
478 73
829 350
518 1933
1266 92
370 5
1777 192
694 198
663 760
843 90
1495 21
1487 365
1487 144
1467 1812
1350 155
1505 247
1758 351
833 1688
1233 1832
590 210
1988 1688
640 249
1480 31
1955 341
44 213
378 273
1984 721
258 40
607 653
1038 1884
1891 7
1222 321
793 348
259 1971
1783 163
1690 71
1343 181
1970 316
52 156
1175 730
883 170
1238 77
1605 162
1198 1715
1063 1719
1074 1938
225 1476
816 1533
569 362
1473 267
90 1234
1595 199
605 69
1185 165
1617 67
997 349
511 342
1792 1980
1356 1719
272 29
1174 310
431 392
1740 49
568 278
491 774
590 1430
889 1759
168 1048
582 7
1990 1640
1463 393
844 124
612 293
444 320
850 1846
487 1836
499 1339
724 12
194 144
1228 91
417 340
545 13
275 402
184 634
438 178
1672 64
1660 283
1849 91
1228 72
107 202
1435 1893
300 76
804 195
489 274
1049 281
488 1987
453 179
767 217
650 1863
1460 156
106 1834
1915 91
447 36
94 1239
1457 115
1600 126
75 1864
1750 198
335 44
1245 362
1270 1704
1482 269
714 807
1110 260
1685 360
1104 1907
1197 1558
1436 1931
166 174
1792 150
516 244
1389 112
1092 1675
1008 322
1728 276
1222 200
920 1888
210 64
1831 1784
1033 140
1706 1869
392 1663
321 198
1355 295
563 701
303 30
795 64
529 80
1352 1958
1281 91
1099 554
1552 1650
486 173
890 353
130 47
628 23
1937 334
757 192
535 1080
203 381
1270 1715
3 328
275 1758
1056 1872
573 327
799 1613
89 53
1176 279
1456 231
1407 1635
522 365
441 390
711 164
321 222
1265 723
1317 187
426 219
1303 1912
683 175
501 1755
1553 317
1227 203
1738 302
750 103
266 244
711 1742
185 107
587 172
491 74
354 1997
214 316
805 1636
505 1816
334 122
1545 58
89 1860
1924 144
1877 1649
1614 312
1694 252
1815 1213
835 913
142 251
1181 336
563 312
818 364
1322 146
1444 194
665 1834
737 226
1560 208
1007 330
752 196
1229 1980
716 179
1659 139
384 1965
1031 1920
22 1205
1447 205
46 45
550 1868
10 30
1762 131
747 1927
440 36
988 390
1630 322
598 364
445 1985
714 200
1138 165
59 1954
944 232
656 352
1291 296
421 361
1768 134
1192 379
1388 616
710 1648
971 65
538 792
979 1979
719 384
934 310
1073 304
865 250
1051 343
445 60
769 302
769 207
1188 1636
1634 341
626 147
1201 1979
1218 385
816 353
20 168
920 88
1031 317
45 363
1686 122
503 205
1574 253
1812 225
160 66
1846 592
898 372
1987 391
1585 1623
1720 219
1992 367
1104 99
868 1770
21 335
1822 1713
394 625
693 1
1245 287
1696 1603
1193 20
908 223
562 53
1252 166
957 262
466 301
1829 1788
1683 158
1290 400
1777 43
1132 1639
1081 146
930 1638
835 271
1083 161
1365 1664
1666 230
828 229
320 311
169 1875
1407 64
49 170
1345 1845
465 359
1207 1948
1294 1920
86 35
1077 119
1385 249
548 33
782 1704
1860 200
1654 1996
1730 1950
1533 120
297 379
239 1994
621 1995
525 188
1985 140
1899 239
1816 42
486 1934
828 331
566 383
832 91
1813 203
1449 498
1065 294
1908 19
339 71
1184 60
1484 1640
1350 1695
1848 985
410 101
1971 358
1669 86
1593 334
736 228
500 91
1136 280
574 86
1246 1982
940 1793
196 285
1428 134
1453 204
1689 76
1570 191
1844 258
1320 150
191 399
1468 1920
480 8
1720 26
1700 15
511 233
1766 238
265 304
545 142
302 228
142 825
1684 1132
1571 1897
1446 33
918 119
433 91
462 1683
646 1806
334 47
971 395
1009 36
578 206
51 55
319 325
980 1172
23 1891
411 153
1875 1830
1942 342
618 266
1322 328
915 1868
550 83
36 336
931 321
1729 635
1234 326
123 361
1066 265
1424 909
639 1974
363 379
420 1885
1077 1902
1588 40
340 31
475 1119
901 1607
681 124
1400 86
1635 445
709 20
519 148
1581 249
685 333
1341 171
1298 341
623 341
728 283
1248 51
1731 305
332 52
1083 368
371 144
557 1958
287 1957
673 99
1472 1991
921 1959
1054 129
1492 1719
1824 72
1579 291
1654 248
114 346
1975 223
1378 84
1967 1647
325 290
1099 67
461 1735
606 239
397 263
1945 1907
1324 325
219 73
1671 16
1826 295
38 550
1301 562
1304 360
949 1831
1640 1749
411 177
540 303
225 50
24 124
1715 9
1621 1299
150 1734
1444 393
1532 96
1295 350
1952 399
1846 246
1585 101
400 1991
942 100
899 1641
1263 130
1660 1834
1969 850
1797 324
1397 212
1369 1767
575 285
1669 26
205 122
961 1952
701 231
1426 252
1721 128
1481 426
1615 205
1193 139
1006 267
172 165
1542 287
1936 52
725 160
952 328
808 1680
806 1890
584 338
1484 36
622 81
435 230
854 731
1449 342
671 264
1819 385
510 142
1886 161
1749 102
172 1604
173 332
988 1816
1803 147
1689 1811
1896 152
19 258
1720 116
1069 1860
126 40
1584 1682
1062 204
167 227
1194 277
1761 158
1781 279
62 122
1674 358
1259 1699
190 357
1240 126
533 22
717 1792
739 1710
1800 8
1254 1786
584 194
800 1667
1736 1736
600 248
15 13
1508 328
493 200
1899 193
553 125
989 1912
415 269
347 138
1746 1975
1648 1757
1908 150
547 253
13 232
477 126
846 17
1775 278
873 209
897 359
1789 931
728 120
869 1639
256 128
1314 381
819 90
1714 1604
732 1865
1633 183
1251 53
1458 269
1034 295
420 1867
783 237
826 213
25 97
203 159
306 1112
1282 371
1981 328
360 1882
1719 1935
153 372
177 75
243 110
1098 49
243 537
1621 1976
1782 1562
351 59
1040 1932
415 117
295 246
168 164
601 1000
1526 18
825 87
1675 1985
59 31
583 1730
963 29
662 97
877 1172
192 123
699 159
1729 143
1439 274
478 1796
1214 1896
296 249
169 221
92 1120
338 33
1263 1963
695 1886
643 235
1548 304
1042 1703
738 16
1064 318
2000 244
1539 255
1888 923
1838 292
809 1723
1624 12
231 2
16 1030
1922 264
1328 278
715 1718
1832 220
170 407
561 1839
721 242
551 139
1125 206
941 226
1483 1820
1431 207
1059 52
328 748
1408 115
1206 207
811 336
1589 914
1024 1823
1727 1671
1267 226
1901 376
1531 214
1097 906
1252 131
1704 256
685 147
1791 1895
608 159
282 300
423 14
809 42
1792 658
709 633
264 232
442 1700
638 151
655 398
828 140
1839 99
1793 298
294 930
694 195
239 1629
422 84
967 357
610 1360
396 329
1095 267
459 264
914 87
1361 1678
1261 174
967 147
475 147
1671 267
1070 1762
885 1622
31 1910
1094 10
1508 124
223 151
1226 183
970 2
856 327
288 1834
479 210
887 1644
1607 162
984 18
796 400
498 1253
1368 104
856 857
446 1750
790 306
1128 28
1504 266
676 182
1804 1640
1317 178
534 704
445 375
109 3
1936 187
394 215
945 113
305 92
707 217
1584 112
977 66
1207 1620
792 1950
1935 176
1076 188
1466 40
1509 587
1496 336
1949 320
1139 1650
61 94
549 319
269 66
620 172
1115 750
1729 378
737 466
1784 1974
1154 1673
1781 184
1348 282
1064 250
427 63
1292 99
1599 128
826 1620
224 3
166 224
56 8
810 1889
1545 276
1690 725
1218 49
761 89
967 179
1174 1933
1577 399
336 258
981 62
1492 330
86 92
694 289
787 1973
911 1242
265 693
149 93
217 28
1160 40
164 397
251 397
1679 287
1438 324
2 246
1631 994
55 1543
125 182
644 202
503 1562
1835 1900
733 237
1211 1923
1793 191
1409 1931
1392 236
307 174
1070 245
1828 137
396 317
1008 365
1949 1009
1791 1969
1087 107
1468 191
1468 312
384 240
827 330
1441 141
1887 248
154 211
1606 172
472 843
421 82
1719 152
1253 66
976 152
103 189
748 1220
1718 161
757 1601
1033 1657
1934 57
487 365
1 1146
54 1653
509 35
1137 983
491 440
1049 1169
1720 383
114 341
767 291
322 1605
907 50
1621 134
1567 58
1422 102
661 364
739 198
1335 1930
1200 1466
1233 279
338 1994
1959 72
1059 218
1066 1313
205 1864
644 179
307 316
474 337
720 389
1783 217
224 387
1171 243
269 663
1947 154
705 198
323 112
1116 1763
605 241
1865 95
1932 357
1185 307
1266 390
1403 158
1808 228
1687 236
1113 278
1050 1765
1547 377
812 1165
598 1717
416 295
1381 369
935 212
317 349
201 1274
1724 33
1224 179
740 1910
464 202
204 31
1315 199
104 118
1791 175
1693 107
1185 327
568 1623
1472 31
921 760
599 9
278 34
1506 91
1312 18
403 1952
227 58
864 91
669 187
611 340
814 359
221 216
876 1391
1430 1078
785 1624
841 130
191 168
638 246
1004 87
1735 1859
1926 1896
379 34
1261 27
126 1893
1936 120
884 229
314 641
1728 67
566 288
474 151
654 30
510 772
1612 1812
1569 361
969 67
361 386
2 1854
614 390
895 1781
628 62
1296 1910
748 285
526 193
111 98
806 257
1257 32
1035 172
439 66
1237 325
387 1653
1472 126
381 400
138 329
1813 85
1294 888
1689 360
960 677
141 1740
277 329
438 186
140 329
197 397
976 384
392 47
334 328
1774 208
496 1940
1653 196
1721 89
1468 364
1613 50
1931 196
584 1955
1001 391
1773 1607
1697 1892
717 340
828 579
1290 94
1659 1367
1611 1633
1578 1993
1603 1046
1375 284
445 376
671 319
99 395
1573 339
992 69
461 301
813 78
1576 48
991 1916
1644 1501
299 276
371 99
1052 278
1024 365
1118 371
920 1873
666 289
970 1245
360 1606
1811 314
421 233
1267 232
1465 586
703 1806
228 355
1803 1148
372 1688
1863 302
556 87
1118 164
649 268
954 1606
1708 730
483 203
495 107
699 345
445 102
32 304
926 1811
271 113
789 1
1542 306
45 176
285 1398
395 324
416 223
259 397
707 396
388 1861
389 278
373 197
683 1671
1585 69
1940 16
1523 313
708 49
1455 210
1459 1732
965 306
1290 156
1397 342
1050 385
1427 212
823 259
412 5
986 363
609 241
1402 13
1348 1652
1161 226
91 82
1889 39
1412 48
656 1101
1762 1861
1502 1791
54 32
1586 208
1945 65
813 185
756 86
450 156
416 257
610 228
863 380
1344 352
252 99
980 1992
302 182
452 287
1278 1845
436 1639
381 185
539 57
594 1769
253 400
624 37
601 393
1547 104
282 1667
723 1758
1705 1137
66 13
1673 1775
1211 189
1647 414
797 1915
182 57
189 39
999 300
223 269
1630 117
1029 391
425 48
348 282
383 106
404 191
1992 146
1318 1930
1539 326
1203 296
629 197
1721 14
1547 28
1904 87
1987 1732
1617 605
1164 16
1373 8
218 1820
58 1459
1701 75
836 315
1959 1808
1922 1664
44 147
1022 219
803 297
1028 86
1404 377
686 1255
1355 1700
151 10
535 301
183 286
1694 325
622 1925
44 24
117 286
1204 318
1085 208
1967 185
1382 373
631 1685
1946 222
843 250
159 167
1071 294
704 1740
1715 1886
1925 126
201 173
1250 1814
1359 70
1087 247
1188 283
72 1965
626 348
7 1957
1339 1761
1095 332
254 238
1391 1903
1461 292
100 891
107 224
791 1779
1996 379
1755 324
414 347
1688 213
919 85
715 1742
128 202
827 167
25 356
103 385
422 1732
200 1692
136 363
1355 1116
411 93
1985 149
41 102
1782 1704
21 56
980 15
8 100
1067 186
525 1971
1119 323
43 498
1189 1614
934 32
551 1991
30 325
1907 1975
1739 70
1882 1771
1914 286
51 50
1795 9
1935 273
1708 343
973 1820
1622 328
1574 245
159 45
492 353
984 187
464 302
754 1597
729 62
11 354
28 292
1253 270
1135 131
1722 250
1018 212
1726 363
51 16
600 1689
222 1831
808 1093
1883 307
595 45
71 1844
1094 606
1888 99
29 298
1130 290
1860 80
1473 9
1818 223
1819 1780
679 265
848 1627
664 1493
955 250
1376 1709
163 1660
889 1833
1637 120
514 86
1751 973
354 1894
1127 97
1547 397
1485 395
606 39
557 297
783 43
841 1906
544 133
380 236
882 378
1174 179
204 1768
576 341
1532 362
398 1965
122 144
1534 397
787 1966
1408 8
1953 332
570 1869
1708 943
146 162
48 227
1388 287
1706 1679
1045 1880
717 1612
1345 336
1902 92
141 235
1442 834
1787 210
364 1670
132 1803
1919 197
1890 219
704 136
1691 861
446 1830
1014 111
69 1844
1702 255
127 1444
915 388
91 370
434 131
1205 237
461 212
310 231
139 202
1103 1805
580 211
966 220
1819 313
647 239
1290 234
673 1856
166 371
1570 369
1838 257
1389 1659
1587 26
1277 1758
1722 1811
384 188
378 239
1915 1823
1707 1698
613 93
408 345
1749 280
1522 1713
1476 259
584 188
1408 326
396 1391
768 673
447 80
501 1691
509 1929
581 942
503 395
158 357
1804 29
289 365
1936 34
921 3
1049 1839
1211 1586
772 13
939 1631
810 175
1775 457
199 154
710 1810
126 208
419 129
1879 4
956 341
1020 194
258 127
238 340
982 184
443 8
890 66
784 64
1014 1603
362 1793
1157 206
625 251
86 232
1517 235
1492 1853
890 835
224 24
292 262
982 62
1444 97
230 1651
704 1859
524 311
389 389
1480 738
1556 232
1 12
1009 129
1246 230
700 197
885 1787
604 204
965 1043
541 223
816 1830
750 1776
1253 141
1714 1490
1797 265
1859 282
1581 37
1671 64
1167 256
599 132
1862 94
42 45
238 20
668 17
611 220
414 109
1307 7
1453 372
1501 57
536 388
103 1717
314 1818
1 359
1844 1985
766 1318
1059 258
758 308
1312 394
972 144
469 89
299 1978
1458 94
1717 395
1292 1888
333 93
1678 1709
1692 1730
633 119
115 175
850 28
916 1256
1178 369
585 47
21 163
1746 1968
59 95
1514 399
506 52
74 1721
1218 601
1499 142
1926 1791
1657 193
1691 259
80 1700
1065 1870
1827 76
178 221
1894 341
1960 1377
1946 236
1566 713
881 160
461 1275
1784 107
988 193
1715 106
1695 1615
599 763
768 49
1829 693
1115 361
1115 65
1644 127
949 264
1971 161
1909 1816
1926 1131
1480 200
786 1646
981 309
1853 1957
283 282
475 1640
1353 1776
1073 95
142 1774
1346 378
1790 161
1572 1717
598 1757
29 131
1347 295
115 369
534 1877
1247 290
1699 101
1358 1638
983 360
542 1616
1416 125
19 1570
1900 1635
1328 373
1689 358
981 1812
1740 400
1571 234
1027 147
1922 237
1037 1677
1977 400
725 252
629 1358
1242 53
1150 292
812 354
211 354
1229 216
214 125
443 18
941 1450
1629 1603
288 1444
439 121
913 6
947 371
338 191
1798 318
1904 66
953 98
1655 275
184 1646
1825 391
149 125
902 306
769 188
1156 256
336 1630
1755 76
1816 132
1462 48
1982 839
589 122
17 698
1332 209
1975 53
1017 260
687 288
873 1824
1902 1968
189 1810
1658 1883
1860 46
450 369
1082 7
1853 145
1241 880
674 1299
388 203
1621 248
1623 3
1121 805
1970 1539
1475 218
201 33
449 1010
547 71
242 1604
514 322
973 329
1289 1801
1756 259
485 376
1690 386
945 376
162 372
467 1660
444 498
1340 58
303 38
1339 98
1492 190
688 321
568 127
1524 1036
1692 1513
99 156
772 1752
1746 113
1917 399
763 1419
1165 119
546 1646
434 219
801 362
1933 1261
944 1688
1907 40
1110 91
338 376
1275 282
1258 1841
451 179
957 1748
1296 1737
1256 51
969 1615
1933 13
1293 137
1462 1983
110 291
639 367
1771 256
438 288
478 364
274 373
587 159
1393 1184
1416 136
1398 108
1185 223
1074 1796
560 394
1948 129
1960 17
16 263
1293 332
1180 1654
90 1900
881 142
262 399
1690 309
1410 109
942 1750
705 268
55 1879
629 216
1605 251
656 282
1620 257
1632 179
1274 98
1339 275
326 230
651 190
299 350
422 38
735 216
23 394
1843 123
1926 1729
1872 1900
463 91
290 392
1019 304
1376 193
33 242
1999 114
1694 88
517 1669
537 1803
1074 216
1257 1781
344 311
1545 41
338 235
1745 69
1236 1817
1692 854
1224 1838
1991 125
1982 26
1985 1604
663 1733
1438 176
1155 1740
1764 148
519 65
1113 1807
382 1416
863 120
527 51
945 317
62 827
704 211
1215 33
1986 102
536 164
1565 1712
538 382
335 41
711 1651
1952 7
796 22
1089 326
808 66
1787 1615
982 1806
1507 92
1652 183
972 96
1222 1673
1326 92
1831 52
305 322
1018 224
1252 887
389 12
101 110
1823 160
954 369
1042 61
1254 187
1808 350
274 26
1271 1947
1747 371
1311 209
260 54
305 55
1004 344
120 345
829 392
1341 318
1466 1694
1589 146
655 1688
97 1678
805 182
911 118
1445 165
1155 60
1658 280
116 1283
1340 1583
932 114
232 159
1505 159
84 299
1508 1523
686 342
756 1924
1904 235
783 871
1256 211
681 179
228 1088
1231 304
954 313
1171 1871
207 195
1085 268
1011 170
1485 327
1159 105
1446 82
734 139
973 60
1562 205
1650 34
755 7
405 96
1167 269
126 707
700 199
1252 163
1035 1611
598 1856
1852 374
980 128
798 1850
1487 207
762 316
1236 1746
1389 1606
66 1585
1739 1535
1497 303
1332 321
289 242
531 36
1879 156
493 274
79 820
587 105
530 249
638 253
646 74
876 1683
1834 51
986 384
1807 108
1207 293
1809 182
1160 81
419 272
495 1680
295 745
512 35
940 376
441 233
1813 99
282 1883
1720 174
770 68
1482 292
715 1900
796 194
228 41
573 217
1763 292
1584 346
29 154
743 65
1934 182
1761 1853
174 263
1819 1944
605 291
162 1991
636 76
1353 1637
635 1712
305 241
78 204
638 286
1686 259
1916 273
503 207
1407 44
391 88
1272 132
1411 350
1466 300
331 17
176 1873
282 139
684 128
127 1333
516 480
1708 26
668 598
146 327
269 416
644 23
1853 151
229 1855
1741 263
1050 264
17 1919
514 1019
1248 336
153 162
1569 371
690 1889
456 107
1935 1878
93 74
125 188
1395 1415
995 1619
1924 45
1260 354
1769 48
1922 202
128 12
353 1865
1079 145
1160 203
314 299
1774 306
825 73
1653 267
1419 44
677 361
1853 156
397 135
423 747
337 327
1347 571
252 265
296 381
1029 660
28 1994
1591 150
475 242
643 1683
196 160
764 59
1017 152
372 345
1745 276
1317 72
1063 31
1481 99
1431 360
774 1625
679 297
1629 378
1057 1944
1568 58
670 1566
1068 182
1042 1868
386 194
1689 1609
368 369
393 363
197 935
130 1636
667 40
319 122
1270 259
1880 1796
1691 798
764 1771
1230 388
432 7
1051 71
70 240
1996 175
1641 66
1487 106
1215 89
266 99
1219 189
905 162
1601 834
1660 2000
606 1626
534 1757
1186 231
725 1728
1719 248
924 273
939 63
1582 280
1025 228
1238 192
550 377
57 91
37 78
828 108
1837 362
909 49
602 289
614 1693
453 1768
1734 20
99 1919
1515 16
845 52
887 223
403 157
1660 1906
258 272
318 105
198 164
1237 1427
553 304
1289 56
1944 38
1998 1716
386 29
736 105
1111 5
1155 379
748 300
1228 1294
1776 35
1887 100
1015 266
1006 57
706 301
1195 3
9 1647
943 1874
1209 283
1658 399
1626 1635
444 98
1929 1617
1370 270
865 268
935 703
986 251
168 5
1534 21
578 1694
977 1888
1775 1939
362 11
85 251
1625 608
1620 856
1133 357
1915 57
1485 76
607 1793
155 53
355 60
1957 282
959 16
146 262
1385 226
1763 144
883 273
848 63
1616 1
51 105
117 23
103 1897
916 382
1882 1496
198 232
1173 357
983 348
656 144
363 5
775 387
1280 220
1491 317
1275 248
1509 247
1951 339
1735 229
955 1660
481 928
757 288
1156 145
1566 1726
1949 364
219 369
232 949
936 240
1019 8
768 105
1823 314
1702 10
611 43
10 233
384 3
276 1450
124 318
527 381
1073 195
1046 263
1627 382
1539 293
189 1033
1050 1
690 210
26 366
278 62
27 1703
1626 143
174 103
174 1676
1630 1741
589 166
177 404
949 248
104 1726
635 1695
1732 64
1814 175
1724 252
1399 1801
1687 1415
1396 617
1812 349
32 9
960 1747
1204 1278
727 165
1868 266
1569 37
752 306
648 1745
517 213
975 54
1321 23
1454 101
9 1992
78 277
22 1635
250 1954
437 50
1228 345
706 10
1741 1989
1426 241
1087 1601
628 305
1777 16
1295 314
353 55
1533 332
778 147
130 1808
414 1681
1405 105
656 1583
1372 71
1765 1885
1661 996
1706 57
1872 302
526 301
452 452
811 1719
661 516
1711 79
1248 1780
763 40
381 73
1312 8
36 138
1143 1479
1226 290
298 42
1880 201
624 1708
290 1813
462 170
94 361
360 186
1847 168
677 1801
675 200
4 277
643 199
1729 1944
974 247
1724 338
1446 586
838 1892
1286 18
320 272
1931 173
150 364
1846 147
436 265
451 85
530 79
450 19
1253 141
1165 266
1312 398
1590 1621
1149 227
1650 1844
788 1665
1626 359
218 9
1670 321
1591 583
523 1931
503 10
1906 1757
878 1940
494 138
1373 26
1316 229
1076 342
1654 197
592 101
606 208
524 304
598 170
1558 313
1301 1386
1218 897
1003 27
288 12
571 1418
1288 392
1895 351
1070 324
1903 169
1443 540
1877 1767
453 300
1590 1846
1817 1036
499 348
753 1992
1316 1686
1486 339
307 341
435 1650
1960 1613
988 75
899 138
421 115
233 392
296 221
1175 318
863 153
1020 363
709 1982
270 328
597 164
434 175
1739 731
350 158
1685 1753
1844 1917
1918 309
1733 193
1560 253
1804 26
429 1675
1383 279
562 1946
1128 135
348 1717
1353 1775
251 179
808 48
324 1853
661 980
1802 1837
1803 400
381 1990
1735 363
1159 279
1952 338
962 44
1938 211
798 248
1830 284
705 186
940 7
1928 59
628 195
1610 102
1550 267
622 2
1940 188
400 1979
525 30
134 194
688 396
219 330
29 840
1235 1721
476 378
1289 1036
117 282
701 173
1201 185
1976 116
1151 218
581 212
1874 317
1563 294
1343 1655
1113 76
1036 1961
1495 382
649 318
824 173
1675 284
105 824
1189 1864
1288 536
1135 387
1719 213
751 140
1667 306
1986 1902
