1000 100000
97612 49337
46683 15477
18200 6553
33297 12165
37454 32732
861 703
47069 6703
62713 43312
49657 49598
35739 9187
35877 19465
8274 3718
90315 83857
50308 46816
88299 62574
83389 51241
7594 107
68821 639
61221 11311
83138 80521
52692 47030
35885 2257
36494 17144
69934 3182
4832 1912
65623 54781
62767 31744
4019 3708
111 46
9887 6601
65227 58396
14042 3921
53303 10733
61641 61176
40063 25273
88857 16177
63622 44662
3922 3085
51449 50521
71456 10828
44217 1517
42698 18050
6950 6668
63135 35210
54000 15404
77427 24978
54940 32209
56959 43051
31080 30625
13786 5178
28028 24014
96590 66739
20174 9332
66842 3993
63283 42519
64488 61622
20798 1664
1483 0
72277 16585
99597 16776
98923 87342
47142 43926
81665 28182
15935 6288
65871 3892
40598 20447
20320 13981
56312 44466
30141 22979
99959 43769
59335 30889
75127 63329
46093 6308
4806 99
62030 9311
87497 2151
25310 15160
81980 46229
11980 6466
79788 31335
99848 83669
99064 4754
95919 41893
30693 26310
35563 15682
78095 1111
86377 42355
261 100
74244 55488
71315 17504
98037 88761
30910 5287
55989 43686
88407 65187
61117 1284
12882 9334
47179 35351
83393 20806
15052 1060
91711 72667
82905 1468
69548 18621
45082 14519
32312 29222
18056 9326
75178 2568
87778 8064
29350 11926
18696 2346
44323 3364
25851 5134
32245 29159
6377 3105
83483 48677
71633 4148
39427 18158
63534 61541
26351 17444
62644 20711
31326 9090
3383 1566
85334 37989
79025 57366
16895 11177
19472 16058
44605 40329
93848 48734
56089 29322
3417 272
55509 34382
63010 3314
10534 5335
73313 49738
61371 34925
54748 5222
77795 13590
58712 23587
6310 4395
36956 24139
78106 48015
15256 14869
62902 36026
18542 11362
73927 26386
50143 13197
80078 1507
24902 5113
96403 37869
18061 1486
87397 64402
48173 2328
31229 5245
28921 16708
80701 3473
21781 21018
31391 21038
4977 4162
88563 21896
49497 46852
64540 40048
17683 7426
95882 92181
19041 18273
50476 29969
46678 36600
90793 89955
97241 94828
54334 32410
68075 21065
9747 4702
59874 30751
59821 52693
59016 31448
59185 24414
51298 24427
14320 14056
67338 29891
17010 16109
50926 20524
76559 10676
51342 9308
42068 13346
59903 25790
6471 1019
54945 51219
50272 7839
75887 35042
85934 19399
46676 10287
5704 3830
19760 10264
32857 19370
73378 37688
64134 45976
37987 19151
86114 42284
36760 4205
34509 31243
39643 25028
10797 3605
90884 7805
26202 2491
84721 37294
46811 203
85365 36828
47027 29142
91245 89375
77245 70289
39759 21420
98032 71501
37673 19882
45522 40881
61163 10645
20010 15448
14795 5111
64557 2835
55322 6516
78108 61086
5267 4709
43793 10477
39500 16681
28621 11816
29659 15281
76988 37265
55682 37140
22600 2102
97186 13926
91265 8908
36207 26301
38994 6377
94115 68589
14849 8774
46580 17271
95299 68941
37293 17447
31405 15424
28506 22825
60128 18188
51150 202
51626 44604
53950 33061
9378 9343
73823 896
86403 45026
14190 11234
98188 4648
1559 868
62704 30304
88296 28828
10981 5896
19653 6133
90808 28875
33404 24644
1656 1611
78934 48612
94120 85293
35829 1985
61984 51201
21280 2585
81041 22819
45399 28823
32271 23516
30519 13520
28172 10036
57213 39118
7965 2839
84633 22720
90491 79889
94100 44364
1136 467
40100 33059
66658 63538
91572 78559
88090 48208
68275 51167
17422 1253
6394 1587
44782 23057
1977 1455
13461 8672
80070 7199
35382 3758
40483 33629
47289 16249
66804 42698
18123 10015
82582 73189
70747 23024
51374 14236
45228 36464
4457 2294
56174 22696
24088 4245
89629 12652
14295 11766
99466 18565
26716 26458
14062 6795
39635 15082
58804 29964
26533 22691
51083 42391
30974 22280
19419 3083
51805 22345
74871 51438
54336 28704
96207 82745
94261 24198
32837 124
86318 76990
28441 6344
97775 84216
32693 22730
33486 4389
82662 13117
11078 791
46860 23255
47351 3056
14027 12429
49332 41940
16921 11989
78542 30914
13405 1586
31385 5907
23833 10057
76895 3318
66068 2827
13802 4175
35339 23709
27808 6827
36999 20284
61044 36570
85042 42728
37493 25390
60196 25465
22526 17324
83222 13303
65981 34576
50028 29950
91891 29462
38693 25691
20001 9029
23239 1157
25837 1414
62637 42254
58335 42170
52394 7601
64215 57265
96361 45168
14244 14121
23384 14630
29810 5781
68667 21114
72033 43218
39832 24865
36445 8644
75948 5235
99999 13890
94728 51465
45542 23962
94874 66062
37849 26619
41542 19133
86157 60368
23104 14467
66378 40369
44188 32797
75362 58468
63513 2014
33729 32451
10492 4283
42440 21676
50303 48319
55957 5681
51616 45601
60185 59948
94658 3046
61799 42442
28462 42
23764 10343
62833 36518
78965 46909
3941 3300
58268 13366
99276 85326
76448 31216
72634 66350
87751 66557
27015 22758
40470 11638
44442 3904
37790 23356
25940 24546
91592 39795
36580 1374
13367 11326
61173 40525
6833 1353
86128 21727
52725 1379
36792 31112
4006 398
48027 9588
69681 6928
5198 4632
45118 33145
46584 27108
58078 30817
50530 47817
74116 44900
30301 6566
63978 20591
9604 2404
77657 46502
87836 78545
18192 791
11015 4026
56745 1343
37829 25864
42103 521
49764 4099
38062 27610
75255 70398
19118 5756
21849 14993
41204 18477
21316 17132
58251 45859
86880 53462
92489 30744
15599 11161
80507 10678
71702 62914
4795 3394
67078 8774
5649 2817
68600 67376
12873 7675
5378 4712
12127 4366
97778 16534
86587 60167
9537 3862
69612 20584
26118 1238
51870 7629
39977 36043
4744 1631
39541 6690
92027 38536
36417 4385
86295 50639
4794 4131
46462 13554
89702 78258
87877 63392
30896 19264
36940 16516
86744 75164
62231 8
9319 1121
29168 6650
64409 41824
65525 20707
39464 1826
63644 23098
99413 27067
15955 2505
40703 21013
8924 1262
11618 9790
99749 35120
70659 45369
83610 22983
79386 60461
94426 48337
80103 42943
33105 18148
40620 5540
37525 21671
93112 82506
20037 5900
38371 27525
47553 29754
19959 16624
8360 7273
630 300
43339 7823
13193 7863
6339 4709
21976 10821
19287 13482
97640 83366
51119 4589
14466 10010
67223 48728
49307 36124
78215 63307
28166 21221
24445 13990
80076 56816
63662 55185
86548 4501
62345 40850
99404 33940
60273 35606
2690 1077
91773 7623
31335 25052
59855 24541
22252 12720
41473 17374
52089 50683
75891 58586
76570 10858
56182 44405
51116 45037
27928 7067
11157 522
66501 66139
9405 169
25354 11983
5805 1138
67894 5016
53460 3386
85576 3676
57610 41436
92907 32543
70692 34618
56891 38406
89418 68692
73647 59543
55430 10323
78978 69963
98258 17534
83616 69372
57676 14765
6666 171
10927 1519
49052 21533
52060 25895
78985 7440
96201 44384
42721 19758
95725 41285
15916 7034
80416 31969
571 177
42356 27472
37425 11601
92225 90984
43930 29725
62698 4108
53418 39015
98391 13430
32968 18446
93659 31535
49284 8204
25900 11136
7368 350
46874 44121
10728 8270
50674 47751
58681 30260
56583 29820
14294 9353
1221 1207
15673 2408
35271 27642
67046 54587
66572 30616
28329 9357
48372 16099
39196 29073
5547 1958
21489 12426
57763 24283
77150 7498
20627 2525
80618 50220
81642 16958
21792 19493
38 27
62302 4073
96581 53275
98462 20201
77726 14821
31240 29173
33253 649
94314 3386
45775 20892
19334 8896
46243 19654
7148 5618
14052 5342
76811 25069
3267 1204
86299 55149
86761 39314
85897 78209
79828 14651
4462 4249
99498 20744
45477 533
4 2
57327 8237
23008 10876
8311 4954
12011 10646
98586 6195
97428 75641
11657 6636
60665 14438
1995 41
19457 9955
55587 46160
16724 15037
48967 30027
62325 24731
83602 17014
10786 560
20556 2223
84781 73049
71913 7601
46871 38388
19684 14280
20066 18809
83725 58950
88640 74646
92368 54333
25180 10121
78952 36671
91098 75643
96743 5480
12442 8613
17833 13850
87979 7410
60421 58780
43951 26029
2977 1138
31783 19049
61876 24628
33116 19168
29697 26921
81954 50609
73756 67485
55444 17758
1760 1667
22602 5515
15099 10165
56843 39529
73697 58203
48020 17045
17502 13625
52102 8885
14847 741
27155 26357
80709 35600
52301 4256
51397 30821
6693 1067
31407 27420
24405 8411
16115 7900
64612 3996
34292 14571
11070 1949
39809 24819
39479 5626
2150 1881
35146 32912
47532 699
77834 10547
20993 8792
18085 12957
77641 43436
10506 4989
4124 1483
10547 2752
8269 1978
28893 18409
95431 33824
75774 8789
73011 11495
32939 20528
21115 9757
52324 33883
15982 10803
93932 12421
42594 41960
84046 12635
53071 17541
92633 47703
63572 7436
41143 7981
56374 37297
10471 9418
73540 3638
95721 50184
43217 2639
83941 26573
86207 56355
44145 5766
86168 14036
6932 2879
84805 78772
87624 81877
70390 3415
76988 10543
18385 15938
55184 27989
62240 1498
91990 4710
28944 23774
56118 2998
93987 19852
94249 90685
37162 34129
78515 22118
76029 14641
15915 6654
42315 7822
14527 6076
5581 2487
50711 3213
78729 62061
27858 1350
77171 62287
10832 391
12789 6819
40398 31949
53590 28439
59199 31157
6496 5593
51085 1631
4042 392
34386 1300
80256 36248
72852 34723
73230 54485
90176 78386
47095 5689
86158 60923
85548 40132
68063 52180
68530 61276
88128 39291
81101 69965
59076 28123
88942 40587
83441 69801
90309 9832
82766 43237
21289 7691
40850 28575
67160 21512
42616 40609
26825 1776
46714 26136
57372 9031
63631 1730
85416 35183
49212 9266
34644 16450
46460 17677
72953 71096
54607 3417
82506 55195
50563 38828
12537 5866
82354 61434
9981 4247
36237 8970
45005 30175
45747 19609
1426 1078
42025 28400
10816 3595
1049 437
46784 34665
36043 13904
39055 16301
87445 71336
26620 16851
57518 53103
82612 48691
5088 1202
78998 60743
40961 10935
10300 10029
64746 62066
54441 54102
95858 19142
88814 72114
83010 25848
47927 15873
86240 83194
51091 2606
27277 22961
73053 10084
65029 46380
64197 49387
75771 62125
32850 17719
35809 13818
18238 7701
77608 22449
45386 10038
45211 31674
69666 28856
3615 860
78562 21711
11935 8410
15636 2869
10984 5057
30861 24873
38278 5380
21362 9611
86508 30895
49452 49241
212 172
97307 56172
16429 2795
82275 7063
43481 11488
27849 20643
38719 36310
36125 23061
34603 5755
86562 41233
16882 16873
80726 36298
64744 46120
69077 45297
72531 1223
68893 50746
43386 14823
87187 47882
96911 8717
72178 68714
87312 78142
93641 73226
32483 19440
42630 16977
67608 9298
47068 43683
7974 3710
36922 13721
70334 22849
36707 34702
95976 71263
27856 19617
45191 11496
37719 6065
60415 55011
5114 4690
32878 8338
80265 16553
15558 15523
93971 32063
82600 44193
14537 6380
9984 1742
53557 24978
1404 744
73292 45633
61075 19447
23734 17366
52363 42523
49779 42221
75107 28848
17598 11972
46891 28602
19991 13803
41720 21458
88223 27877
56984 23219
24388 3422
71755 60746
21346 2867
16248 2915
67915 23481
90989 30233
27753 14357
90463 56198
99859 31870
64592 7414
23896 11573
26151 2921
41660 7867
74175 65523
82492 35335
6498 1102
1140 1117
40168 31054
74488 74223
30394 2717
62636 1501
87198 2785
13411 1759
4724 259
57694 34639
29661 10597
89158 63269
82050 55976
1692 1611
81023 55407
7908 5007
69648 63145
16640 12316
9098 3273
36414 30251
81356 60138
94261 54027
21574 17672
76675 25591
26807 13330
19079 16418
60334 29903
43178 29634
84201 5847
92304 54979
31075 17569
48373 34080
34234 12209
63476 33710
9235 3880
81521 63051
94005 14983
41805 33556
41349 7720
65131 41097
5479 4075
44807 9062
94410 28320
99937 44620
31149 21099
11479 4892
67499 64794
75414 63386
17812 7852
66198 13390
83439 9468
90738 13
85743 65292
92737 7736
23805 3540
13215 10825
29253 22150
31308 24477
13183 881
36475 16983
51900 14832
28257 14874
30632 17880
38909 556
78481 25293
6009 5855
40964 24393
4936 61
28076 15041
46800 34299
97894 26587
62177 12024
68251 32397
54278 48452
18061 17194
10551 6778
3605 1410
200 119
13711 9076
87638 49571
73259 52027
29868 6122
76364 63878
64301 17557
14015 13037
36462 5311
95352 54352
28143 1894
41498 1675
98889 19021
47018 32522
63062 17666
5109 331
50277 3308
15080 9395
1740 28
6067 3612
24186 22455
25797 10926
95965 63513
12349 1301
64377 27952
30840 17724
90583 6514
89902 76123
45710 38227
35283 23869
